(77, (215943, 2, 'NY'))
(8, (627056, 3, 'A2'))
(8, (1417825, 3, 'A2'))
(36, (1660199, 3, 'Weiss'))
(77, (1430822, 2, 'NY'))
(8, (307071, 3, 'NB'))
(76, (1728283, 2, 'NEW YORK'))
(36, (1151597, 3, 'ROSTKOWSKI'))
(8, (1157364, 3, 'A3'))
(36, (775541, 3, 'LIN'))
(36, (522152, 3, 'TAN'))
(76, (965550, 3, 'RYE BROOK'))
(36, (395585, 3, 'HAYDA'))
(77, (1736347, 2, 'NY'))
(36, (139443, 3, 'DeAcetis'))
(8, (943215, 3, 'A3'))
(36, (612171, 3, 'SMITH'))
(77, (896634, 2, 'NY'))
(76, (620115, 2, 'NEW YORK'))
(8, (464811, 3, 'NB'))
(36, (954061, 3, 'COPELAND'))
(8, (301836, 3, 'A3'))
(76, (584249, 2, 'NEW YORK'))
(76, (147005, 2, 'NEW YORK'))
(8, (1074911, 3, 'A2'))
(76, (1699678, 3, 'QUEENS'))
(76, (450679, 3, 'BROOKLYN'))
(77, (1605706, 2, 'NY'))
(77, (900062, 2, 'NY'))
(76, (66321, 3, 'LAURELTON'))
(36, (1458118, 3, 'JACOBSON'))
(8, (862561, 3, 'A2'))
(36, (1124891, 3, 'Lilker'))
(8, (564039, 3, 'A1'))
(36, (504932, 3, 'STEVENS'))
(77, (780011, 2, 'NY'))
(36, (72316, 3, 'CHAN'))
(76, (1547225, 2, 'NEW YORK'))
(76, (941495, 3, 'BROOKLYN'))
(36, (1046328, 3, 'RICHARD'))
(36, (88970, 3, 'MCINTOSH'))
(36, (1191107, 3, 'ZASKORSKI'))
(8, (1023477, 3, 'A2'))
(76, (868987, 3, 'li city'))
(77, (969925, 2, 'NY'))
(8, (1440907, 3, 'A2'))
(77, (864135, 2, 'NY'))
(36, (683680, 3, 'PETRUSO'))
(36, (1650544, 3, 'ROBINSON'))
(36, (657040, 3, 'MCERLEAN'))
(8, (724505, 3, 'A3'))
(36, (1350764, 3, 'GUALTIERI'))
(76, (536094, 3, 'BROOKLYN'))
(8, (452546, 3, 'A2'))
(8, (1487115, 3, 'A3'))
(76, (221235, 3, 'QUEENS'))
(77, (1490649, 2, 'NY'))
(76, (596599, 1, 'New York'))
(36, (894561, 3, 'FREDERICKS'))
(36, (568744, 3, 'HURT,JR.'))
(8, (864263, 3, 'NB'))
(77, (485682, 2, 'NY'))
(76, (101393, 3, 'BROOKLYN'))
(76, (127992, 2, 'NEW YORK'))
(8, (813951, 3, 'A2'))
(77, (317571, 2, 'NJ'))
(77, (935102, 2, 'NY'))
(36, (1079219, 3, 'LEFEVER'))
(77, (1234231, 2, 'NY'))
(76, (872394, 3, 'FOREST HILLS'))
(76, (1111693, 3, 'NEW TORK'))
(36, (787159, 3, 'SQUICCIARINI'))
(77, (1476167, 2, 'NY'))
(76, (130398, 2, 'NEW YORK'))
(36, (631294, 3, 'BEDI'))
(77, (967554, 2, 'NY'))
(36, (1715556, 3, 'GEORGOPOULOS'))
(76, (460949, 3, 'QUEENS'))
(36, (199089, 3, 'STACOM'))
(36, (587827, 3, 'BUSINELLI'))
(8, (1756761, 3, 'NB'))
(8, (722337, 3, 'A3'))
(76, (1720744, 3, 'QUEENS'))
(77, (1638729, 2, 'NY'))
(77, (1314679, 2, 'NY'))
(36, (336472, 3, 'Hunt'))
(8, (1479804, 3, 'A2'))
(76, (632583, 3, 'STATEN ISLAND'))
(36, (1617443, 3, 'UGBEBOR'))
(8, (985934, 3, 'A2'))
(77, (760445, 2, 'NY'))
(77, (724794, 2, 'NY'))
(77, (1108693, 2, 'NY'))
(76, (294587, 2, 'NEW YORK'))
(8, (793363, 3, 'A2'))
(76, (422522, 3, 'East Elmhurst'))
(36, (1449684, 3, 'SOBIECH'))
(76, (186379, 3, 'BROOKVILLE'))
(76, (1431780, 2, 'NY'))
(77, (450938, 2, 'NY'))
(76, (832741, 3, 'BKLYN'))
(36, (776874, 3, 'STACOM'))
(8, (1329959, 3, 'A2'))
(8, (522889, 3, 'A3'))
(8, (86580, 3, 'A2'))
(36, (292701, 3, 'RUSH'))
(36, (131762, 3, 'Silberman'))
(36, (1345942, 3, 'MELONE'))
(36, (69430, 3, 'UNSDERFER'))
(77, (1187475, 2, 'NY'))
(8, (1581983, 3, 'A2'))
(77, (274159, 2, 'NY'))
(8, (829709, 3, 'NB'))
(76, (852599, 3, 'Monroe'))
(36, (175734, 3, 'MASSA'))
(76, (502971, 3, 'QUEENS'))
(76, (807192, 3, 'WHITE PLANS'))
(76, (477506, 3, 'SI'))
(76, (443645, 3, 'BAYSHORE'))
(76, (1367316, 3, 'MANHATTAN'))
(36, (1723883, 3, 'SOLTANIZADEH'))
(8, (61677, 3, 'A2'))
(36, (207894, 3, 'CHLUPSA'))
(8, (1250689, 3, 'A2'))
(77, (1506508, 2, 'NY'))
(77, (196338, 2, 'NY'))
(36, (304650, 3, 'DAVIDSON'))
(36, (1654890, 3, 'WESOLOWSKI'))
(76, (1633496, 3, 'Bronx'))
(36, (898816, 3, 'PITERA'))
(77, (945825, 2, 'NY'))
(77, (1220126, 2, 'NY'))
(36, (1199772, 3, 'SLUTSKY'))
(36, (1705183, 3, 'MARTARELLA III'))
(77, (819882, 2, 'NY'))
(36, (629151, 3, 'LIOTTA'))
(77, (905657, 2, 'NY'))
(76, (1733139, 3, 'EAST MORICHES'))
(8, (6936, 3, 'A1'))
(8, (544017, 3, 'A2'))
(8, (613162, 3, 'A2'))
(76, (1079533, 2, 'NY'))
(77, (112580, 2, 'NY'))
(76, (865712, 3, 'JAMAICA'))
(8, (1564404, 3, 'A2'))
(36, (1148391, 3, 'GREENER'))
(76, (1323094, 3, 'BROOKLYN'))
(77, (16118, 2, 'NY'))
(8, (935615, 3, 'A2'))
(8, (445055, 3, 'A1'))
(76, (248512, 3, 'HOLLIS'))
(77, (1449647, 2, 'NY'))
(76, (1327407, 2, 'NEW YORK'))
(8, (289698, 3, 'A2'))
(36, (1245420, 3, 'FORMICHELLA'))
(8, (314952, 3, 'A2'))
(36, (1289225, 3, 'KATZ'))
(36, (1160104, 3, 'ZUFFI'))
(77, (1543100, 2, 'NY'))
(36, (331055, 3, 'PHILOGENE'))
(8, (841032, 3, 'NB'))
(8, (221913, 3, 'A2'))
(77, (730044, 2, 'NJ'))
(36, (1634685, 3, 'CHRYSLER'))
(77, (215155, 2, 'NY'))
(8, (1349419, 3, 'A3'))
(76, (707458, 3, 'BKLYN'))
(77, (1495441, 2, 'NY'))
(77, (897519, 2, 'NY'))
(76, (313469, 3, 'QUENS'))
(36, (1058066, 3, 'HARRIS'))
(76, (1192751, 2, 'NEW YORK'))
(36, (334635, 3, 'FENG'))
(76, (1125377, 3, 'BRONX'))
(76, (79313, 3, 'BRONX'))
(8, (448926, 3, 'A2'))
(36, (1653530, 3, 'Sharp'))
(76, (1051821, 2, 'NEW YORK'))
(36, (948593, 3, 'Wai'))
(76, (567822, 3, 'FLUSHING'))
(77, (885176, 2, 'PA'))
(36, (1264397, 3, 'ROMAN'))
(77, (137381, 2, 'NY'))
(76, (89533, 3, 'QUEENS'))
(8, (1585859, 3, 'A2'))
(36, (1675792, 3, 'Levin'))
(36, (1090515, 3, 'RICHTER'))
(8, (1228234, 3, 'A1'))
(36, (920475, 3, 'BARANOVICH'))
(8, (1004028, 3, 'A3'))
(76, (814488, 1, 'New York'))
(77, (1100791, 2, 'NY'))
(77, (902127, 2, 'NY'))
(36, (236313, 3, 'Hassan'))
(76, (1340065, 3, 'ROSEDALE'))
(8, (1655141, 3, 'A2'))
(77, (669031, 2, 'NY'))
(36, (1072357, 3, 'ARGIBAY'))
(8, (476298, 3, 'A2'))
(36, (141899, 3, 'VACCARO'))
