(24, (19044747, 1, '+14053720005'))
(24, (17587453, 3, '+1018840042'))
(24, (18142970, 3, '+13051710036'))
(24, (22594318, 3, '+12031440058'))
(24, (14840538, 5, 'None'))
(24, (11823740, 5, 'None'))
(24, (23938795, 1, '+14019260032'))
(24, (12486632, 5, 'None'))
(24, (4616403, 3, '+1007860068'))
(24, (1794616, 1, '+14097790063'))
(24, (9683074, 1, '+15012720055'))
(24, (9732714, 5, 'None'))
(24, (6911309, 1, '+13039720048'))
(24, (10132513, 1, '+13072950068'))
(24, (13868782, 5, 'None'))
(24, (14780874, 1, '+14092600018'))
(24, (2364084, 5, 'None'))
(24, (22407818, 3, '+1020870091'))
(24, (6179743, 3, '+1019490048'))
(24, (9022440, 1, '+12045490001'))
(24, (9047521, 5, 'None'))
(24, (24247920, 1, '+15023800570'))
(24, (817966, 3, '+1010410050'))
(24, (20017754, 1, '+13015080073'))
(24, (5269628, 1, '+13048570026'))
(24, (6715123, 5, 'None'))
(24, (15356844, 1, '+12027460007'))
(24, (7452269, 5, 'None'))
(24, (4551421, 1, '+12037440070'))
(24, (24361452, 5, 'None'))
(24, (13151284, 1, '+14073710006'))
(24, (14569838, 3, '+1020900024'))
(24, (7457561, 5, 'None'))
(24, (5359554, 1, '+13013760071'))
(24, (5737657, 1, '+14134870033'))
(24, (4307686, 5, 'None'))
(24, (11811069, 3, '+12031560155'))
(24, (22822242, 3, '+13050430043'))
(24, (2088880, 3, '+1012460015'))
(24, (12995191, 3, '+1005010028'))
(24, (17048881, 3, '+1002820053'))
(24, (23610442, 1, '+14092300066'))
(24, (15571391, 3, '+1011420031'))
(24, (6267125, 5, 'None'))
(24, (23251994, 1, '+13012210053'))
(24, (853164, 1, '+12048330080'))
(24, (3131644, 3, '+13051050043'))
(24, (15693598, 1, '+13079920143'))
(24, (7217965, 5, 'None'))
(24, (20513428, 5, 'None'))
(24, (12489110, 1, '+13067810066'))
(24, (12212232, 5, 'None'))
(24, (5675788, 3, '+13011590107'))
(24, (7615122, 5, 'None'))
(24, (8920976, 5, 'None'))
(24, (42546, 1, '+14017650002'))
(24, (3128299, 3, '+14007840064'))
(24, (2054171, 5, 'None'))
(24, (9316795, 3, '+1018600020'))
(24, (2044231, 5, 'None'))
(24, (6323384, 5, 'None'))
(24, (12681271, 3, '+1020020093'))
(24, (10346181, 1, '+12032180066'))
(24, (22059322, 3, '+13050340006'))
(24, (6543549, 1, '+12058851236'))
(24, (11503638, 5, 'None'))
(24, (13530858, 3, '+1012900003'))
(24, (5456699, 1, '+12024710024'))
(24, (1300264, 1, '+12032480018'))
(24, (8245590, 1, '+13064140034'))
(24, (16533440, 3, '+1016220037'))
(24, (3683401, 1, '+12033190064'))
(24, (14576828, 1, '+15056800085'))
(24, (7509926, 3, '+14011600027'))
(24, (8774364, 5, 'None'))
(24, (15299794, 3, '+13008410001'))
(24, (3087130, 1, '+14102620011'))
(24, (14372705, 1, '+14017060011'))
(24, (3364300, 5, 'None'))
(24, (21613381, 1, '+13017930088'))
(24, (9113119, 5, 'None'))
(24, (20470641, 1, '+12026980084'))
(24, (10271783, 3, '+1012240058'))
(24, (12701741, 1, '+12033290058'))
(24, (7441764, 1, '+12042980012'))
(24, (19942875, 1, '+12029360001'))
(24, (14304966, 1, '+13083780001'))
(24, (9247683, 1, '+14135160008'))
(24, (18111210, 3, '+1016450070'))
(24, (6337092, 1, '+12033070061'))
(24, (19923984, 1, '+14029850056'))
(24, (13200456, 3, '+1021270054'))
(24, (17470198, 1, '+13064340010'))
(24, (5509307, 5, 'None'))
(24, (12735032, 3, '+1020820001'))
(24, (3969391, 3, '+12030220058'))
(24, (11482482, 1, '+12033160013'))
(24, (21229636, 5, 'None'))
(24, (19565857, 1, '+12056260068'))
(24, (4166290, 5, 'None'))
