(24, (5330125, 3, '+14081670156'))
(24, (1035212, 5, 'None'))
(24, (22693189, 1, '+12022650037'))
(24, (1231392, 5, 'None'))
(24, (11543317, 5, 'None'))
(24, (19507784, 1, '+13012510057'))
(24, (9304088, 5, 'None'))
(24, (755594, 1, '+13053287501'))
(24, (1832782, 3, '+1014130033'))
(24, (10969392, 5, 'None'))
(24, (7545171, 3, '+12031940031'))
(24, (9606233, 5, 'None'))
(24, (13129350, 1, '+13016160092'))
(24, (19723611, 3, '+13051020048'))
(24, (14671998, 3, '+1004170012'))
(24, (1638019, 3, '+1021700307'))
(24, (4767926, 1, '+13052230097'))
(24, (13550041, 3, '+13051510021'))
(24, (16373495, 3, '+13011780015'))
(24, (1676303, 1, '+14016140040'))
(24, (3394608, 1, '+12053710011'))
(24, (586131, 1, '+14015860031'))
(24, (18153924, 3, '+1019180020'))
(24, (16677808, 3, '+1021150056'))
(24, (16455920, 1, '+15036070011'))
(24, (458622, 1, '+13077070001'))
(24, (5024109, 1, '+12028790228'))
(24, (14692380, 3, '+1016660048'))
(24, (1318909, 1, '+14015310068'))
(24, (19406851, 1, '+14067970040'))
(24, (14988824, 1, '+14157980036'))
(24, (22587934, 1, '+14136787501'))
(24, (679424, 1, '+14054100029'))
(24, (21345149, 1, '+12057030160'))
(24, (13899619, 3, '+1020110038'))
(24, (12931741, 3, '+13061670021'))
(24, (12776523, 5, 'None'))
(24, (18013801, 1, '+13033380032'))
(24, (23649276, 1, '+12024330054'))
(24, (5990968, 5, 'None'))
(24, (13435924, 5, 'None'))
(24, (17553223, 1, '+14068130023'))
(24, (16273561, 1, '+13023110029'))
(24, (5775700, 3, '+1012770027'))
(24, (8612997, 5, 'None'))
(24, (4634470, 3, '+1019540011'))
(24, (5232751, 5, 'None'))
(24, (17253917, 1, '+12032610061'))
(24, (7779481, 3, '+1015300015'))
(24, (3412355, 5, 'None'))
(24, (14468979, 1, '+14093780004'))
(24, (11830459, 1, '+12026910044'))
(24, (12982702, 1, '+13044520200'))
(24, (675817, 5, 'None'))
(24, (18397559, 1, '+12033560185'))
(24, (7200442, 5, 'None'))
(24, (15962893, 1, '+12025110068'))
(24, (22593669, 1, '+12043100001'))
(24, (3075872, 5, 'None'))
(24, (15549738, 3, '+14008200042'))
(24, (12162351, 5, 'None'))
(24, (2608578, 5, 'None'))
(24, (13557999, 3, '+1020510089'))
(24, (24088659, 1, '+13033260022'))
(24, (11385024, 3, '+1002127504'))
(24, (709859, 3, '+13002590001'))
(24, (4400, 1, '+12032520310'))
(24, (9096303, 5, 'None'))
(24, (4072828, 1, '+15016410012'))
(24, (23624440, 5, 'None'))
(24, (21561465, 1, '+13049670040'))
(24, (14374110, 3, '+1008080040'))
(24, (23757117, 3, '+13020890066'))
(24, (7260251, 5, 'None'))
(24, (19719729, 3, '+14060190087'))
(24, (15869379, 1, '+14032760024'))
(24, (9312361, 5, 'None'))
(24, (804354, 3, '+1016320044'))
(24, (5287426, 5, 'None'))
(24, (22650080, 3, '+1012000001'))
(24, (16213931, 3, '+14161200079'))
(24, (16071004, 5, 'None'))
(24, (6501327, 1, '+12028260048'))
(24, (2789198, 5, 'None'))
(24, (15941152, 1, '+13013210021'))
(24, (23316175, 1, '+12025320020'))
(24, (19220925, 1, '+12032210015'))
(24, (13713902, 1, '+13027400002'))
(24, (9885601, 1, '+13066130064'))
(24, (23300404, 5, 'None'))
(24, (14179746, 1, '+13076740039'))
(24, (15468022, 5, 'None'))
(24, (11756960, 3, '+13011380010'))
(24, (13957526, 3, '+13051650072'))
(24, (17043925, 1, '+13058410024'))
(24, (16871, 3, '+14004650001'))
(24, (757349, 3, '+1009090001'))
(24, (18776838, 3, '+13050450091'))
(24, (6628134, 1, '+13016100012'))
(24, (4433064, 3, '+1017830001'))
