(31, (109590, 1, '+12122555585'))
(31, (1954959, 1, '+17188710382'))
(31, (2502644, 1, '+12125790859'))
(31, (687127, 1, '+17184658826'))
(31, (2362344, 1, '+16463207256'))
(31, (1200967, 1, '+17187861100'))
(31, (3471391, 1, '+17189812966'))
(31, (347745, 1, '+17187066342'))
(31, (704208, 1, '+17183885500'))
(31, (3368078, 1, '+13478253781'))
(31, (468536, 1, '+17183774444'))
(31, (1185177, 1, '+17182953500'))
(31, (1548624, 1, '+17183495953'))
(31, (2795563, 1, '+17186231309'))
(31, (1998198, 1, '+17187216329'))
(31, (1488270, 1, '+17182063700'))
(31, (2916846, 1, '+17185281600'))
(31, (114462, 1, '+17187070505'))
(31, (398085, 1, '+16463209047'))
(31, (3306825, 1, '+19174399256'))
(31, (1666759, 1, '+17187463700'))
(31, (1003719, 1, '+19173926625'))
(31, (1324364, 1, '+17187635984'))
(31, (2679466, 1, '+16312743900'))
(31, (756634, 1, '+17188217275'))
(31, (719809, 1, '+19142619438'))
(31, (1489845, 1, '+17186942999'))
(31, (2858345, 1, '+12124816100'))
(31, (949815, 1, '+12122190112'))
(31, (1115614, 1, '+19083901166'))
(31, (2610623, 1, '+17185990031'))
(31, (207176, 1, '+17183870400'))
(31, (1207918, 1, '+17183533822'))
(31, (1462349, 1, '+17184797998'))
(31, (1265024, 1, '+12129255990'))
(31, (2737282, 1, '+17183698875'))
(31, (1636186, 1, '+18773473775'))
(31, (576913, 1, '+17188868781'))
(31, (886662, 1, '+12127098234'))
(31, (2532009, 1, '+17184176008'))
(31, (922582, 1, '+17185858300'))
(31, (2188746, 1, '+17183386800'))
(31, (556784, 1, '+12017293263'))
(31, (3127384, 1, '+17182685170'))
(31, (1213581, 1, '+17188457800'))
(31, (3707086, 1, '+17189661213'))
(31, (1424824, 1, '+17182783790'))
(31, (3430337, 1, '+17185974060'))
(31, (3061437, 1, '+17184467000'))
(31, (66578, 1, '+17183369275'))
(31, (456276, 1, '+17182049700'))
(31, (2754572, 1, '+15167315506'))
(31, (296898, 1, '+17185898960'))
(31, (988418, 1, '+17184941334'))
(31, (3422610, 1, '+17183318899'))
(31, (382478, 1, '+16464862307'))
(31, (1917674, 1, '+19174687788'))
(31, (369724, 1, '+17182562971'))
(31, (1381293, 1, '+15164810800'))
(31, (3563238, 1, '+13474195398'))
(31, (1618207, 1, '+17187775048'))
(31, (2389760, 1, '+19143545700'))
(31, (273077, 1, '+17188326500'))
(31, (758659, 1, '+17187400651'))
(31, (466544, 1, '+17185560308'))
(31, (1418517, 1, '+12128282525'))
(31, (1795055, 1, '+12126273555'))
(31, (1260787, 1, '+17188338568'))
(31, (2748828, 1, '+17187866166'))
(31, (3491367, 1, '+17184490482'))
(31, (3581581, 1, '+17185412525'))
(31, (1430497, 1, '+12122426140'))
(31, (3089903, 1, '+17188883375'))
(31, (2549046, 1, '+17182937000'))
(31, (2422727, 1, '+15168739080'))
(31, (2934463, 1, '+17184631000'))
(31, (3179958, 1, '+12124816100'))
(31, (3267023, 1, '+17325689000'))
(31, (3601671, 1, '+17189614600'))
(31, (685318, 1, '+17183263277'))
(31, (2112980, 1, '+17185901100'))
(31, (2626090, 1, '+17183922105'))
(31, (879515, 1, '+17182737600'))
(31, (622546, 1, '+19176694054'))
(31, (640912, 1, '+17187281859'))
(31, (1130712, 1, '+17183896670'))
(31, (459316, 1, '+12125813350'))
(31, (1783700, 1, '+17185475026'))
(31, (3221420, 1, '+17186899999'))
(31, (1464434, 1, '+15163334500'))
(31, (385581, 1, '+17187749454'))
(31, (1538706, 1, '+17183660123'))
(31, (2419656, 1, '+17182978040'))
(31, (589003, 1, '+12126662500'))
(31, (3120909, 1, '+17183841215'))
(31, (3170848, 1, '+17183585400'))
(31, (3418214, 1, '+17189304144'))
(31, (245021, 1, '+17187603437'))
(31, (2608868, 1, '+17184611229'))
(31, (1635699, 1, '+12126288800'))
