(31, (3537375, 1, '+12126961124'))
(31, (2147708, 1, '+12129624920'))
(31, (3489433, 1, '+17329026224'))
(31, (1763592, 1, '+17183213212'))
(31, (874993, 1, '+16312184700'))
(31, (1828335, 1, '+12128741274'))
(31, (3012731, 1, '+19174466008'))
(31, (3683903, 1, '+19178462862'))
(31, (777263, 1, '+17184417100'))
(31, (2730343, 1, '+13478206265'))
(31, (521988, 1, '+17189662377'))
(31, (1924965, 1, '+17186254613'))
(31, (459723, 1, '+17186080889'))
(31, (1459513, 1, '+12125324600'))
(31, (595552, 1, '+15167468600'))
(31, (152008, 1, '+17183277100'))
(31, (3563058, 1, '+13476865677'))
(31, (3503022, 1, '+17185993222'))
(31, (838637, 1, '+17187290333'))
(31, (908827, 1, '+12126529597'))
(31, (1184947, 1, '+17185238100'))
(31, (242439, 1, '+17183697248'))
(31, (2108546, 1, '+12013855729'))
(31, (2650815, 1, '+17189671000'))
(31, (481524, 1, '+17188370200'))
(31, (2015972, 1, '+17184242524'))
(31, (2559186, 1, '+17186457693'))
(31, (3465295, 1, '+17187861100'))
(31, (3540685, 1, '+19173342652'))
(31, (962975, 1, '+17189484500'))
(31, (409183, 1, '+13476800330'))
(31, (2908279, 1, '+17184803128'))
(31, (2154075, 1, '+19147254600'))
(31, (657521, 1, '+16463726525'))
(31, (2952956, 1, '+19176421170'))
(31, (2457170, 1, '+17185336800'))
(31, (3578236, 1, '+16314217371'))
(31, (941379, 1, '+15166781977'))
(31, (2275167, 1, '+17187150789'))
(31, (3597383, 1, '+15165050336'))
(31, (164985, 1, '+17185511145'))
(31, (3197377, 1, '+12126839292'))
(31, (65787, 1, '+17182323363'))
(31, (359477, 1, '+16318933060'))
(31, (474231, 1, '+17185275115'))
(31, (2505771, 1, '+12124314870'))
(31, (2453237, 1, '+19733419091'))
(31, (2169660, 1, '+17189614757'))
(31, (644509, 1, '+17188471400'))
(31, (651710, 1, '+17182913900'))
(31, (213591, 1, '+15164810800'))
(31, (2967449, 1, '+17182564100'))
(31, (1338158, 1, '+17184450392'))
(31, (2901560, 1, '+12126904370'))
(31, (917012, 1, '+19177091899'))
(31, (1204685, 1, '+17183697582'))
(31, (489992, 1, '+17189394888'))
(31, (1818388, 1, '+17189616464'))
(31, (1898634, 1, '+17184452518'))
(31, (2576288, 1, '+12014883400'))
(31, (20532, 1, '+12127247181'))
(31, (2303383, 1, '+18454275098'))
(31, (161307, 1, '+16467735425'))
(31, (3364934, 1, '+16317560101'))
(31, (1204209, 1, '+17185848274'))
(31, (620828, 1, '+12128887590'))
(31, (1792983, 1, '+17184922242'))
(31, (185526, 1, '+12127489746'))
(31, (2552104, 1, '+12128730906'))
(31, (3055858, 1, '+17182548070'))
(31, (1473251, 1, '+19145937130'))
(31, (3615884, 1, '+12019553373'))
(31, (531285, 1, '+17189470772'))
(31, (628794, 1, '+15163649281'))
(31, (2618786, 1, '+19145913550'))
(31, (1684135, 1, '+17329619802'))
(31, (3385436, 1, '+13476538912'))
(31, (3098699, 1, '+17183177900'))
(31, (2327020, 1, '+17189651295'))
(31, (1467448, 1, '+17187261976'))
(31, (894668, 1, '+19174979896'))
(31, (2936873, 1, '+17188589805'))
(31, (2373080, 1, '+12129034019'))
(31, (2460965, 1, '+12125633300'))
(31, (1598849, 1, '+12126951380'))
(31, (2720092, 1, '+17184470208'))
(31, (445718, 1, '+17187466673'))
(31, (2161363, 1, '+17182042121'))
(31, (1955919, 1, '+17186458080'))
(31, (749339, 1, '+17186757225'))
(31, (1493075, 1, '+17185275115'))
(31, (1708086, 1, '+17184382884'))
(31, (855755, 1, '+17182042121'))
(31, (2404009, 1, '+17189949400'))
(31, (2319447, 1, '+17185855529'))
(31, (3210227, 1, '+17184632406'))
(31, (3679928, 1, '+17185706383'))
(31, (42203, 1, '+12122552600'))
(31, (1977207, 1, '+12127655610'))
(31, (1971695, 1, '+17189872090'))
