(79, (48899, 1, '+17186264941'))
(79, (756021, 1, '+17187067755'))
(79, (42351, 1, '+12128947000'))
(79, (810554, 1, '+12127508200'))
(79, (889414, 1, '+12126565231'))
(79, (89256, 1, '+12122797600'))
(79, (830963, 1, '+12125362005'))
(79, (683032, 1, '+13474899007'))
(79, (273086, 5, 'None'))
(79, (542142, 1, '+19176423991'))
(79, (463199, 1, '+19148594901'))
(79, (54196, 1, '+17187466456'))
(79, (13165, 1, '+12127245194'))
(79, (524742, 1, '+19142888100'))
(79, (340491, 1, '+12126975454'))
(79, (1199313, 1, '+12129808000'))
(79, (684746, 1, '+12129710222'))
(79, (508138, 1, '+17184514545'))
(79, (761289, 1, '+12125959400'))
(79, (781981, 1, '+18005688356'))
(79, (801736, 1, '+19176272792'))
(79, (1207583, 1, '+17188779278'))
(79, (276082, 1, '+15168378000'))
(79, (835240, 1, '+12128637490'))
(79, (666848, 1, '+15164390035'))
(79, (331382, 1, '+12123655534'))
(79, (1048360, 1, '+17182881172'))
(79, (570374, 1, '+17182215150'))
(79, (856023, 1, '+19175322792'))
(79, (319501, 1, '+17185551234'))
(79, (547393, 1, '+12128637490'))
(79, (1108024, 1, '+12016484016'))
(79, (981015, 1, '+12123661968'))
(79, (93522, 1, '+17187201739'))
(79, (714428, 1, '+19174148026'))
(79, (155071, 1, '+15162395000'))
(79, (284050, 1, '+17188861300'))
(79, (235173, 1, '+12127443300'))
(79, (589312, 1, '+17189669886'))
(79, (896069, 4, '+1111111111'))
(79, (62285, 1, '+19146826888'))
(79, (1114816, 1, '+17408686866'))
(79, (558869, 1, '+12123889767'))
(79, (50493, 1, '+16465461040'))
(79, (1149888, 1, '+12125295688'))
(79, (24935, 1, '+17188434802'))
(79, (440657, 1, '+17185399828'))
(79, (392764, 1, '+17188095603'))
(79, (114206, 1, '+17327506000'))
(79, (190387, 1, '+12123008000'))
(79, (416036, 1, '+19173309850'))
(79, (198751, 1, '+15166711253'))
(79, (343445, 1, '+17813315181'))
(79, (247425, 1, '+17189657300'))
(79, (235377, 1, '+18455190032'))
(79, (746382, 1, '+17182913331'))
(79, (637266, 1, '+12128947000'))
(79, (835477, 1, '+17188535755'))
(79, (329704, 1, '+19179892211'))
(79, (461423, 1, '+19177898888'))
(79, (652341, 1, '+12128637863'))
(79, (726771, 1, '+12125642111'))
(79, (11782, 1, '+19178075258'))
(79, (77024, 1, '+17189800999'))
(79, (786186, 1, '+17182056269'))
(79, (142026, 1, '+17187778212'))
(79, (644397, 1, '+12122673296'))
(79, (896899, 1, '+12122397197'))
(79, (654070, 1, '+17189851500'))
(79, (461953, 1, '+17187232640'))
(79, (391042, 1, '+12123431700'))
(79, (970256, 1, '+12128374800'))
(79, (641414, 1, '+12122291113'))
(79, (110226, 1, '+19172993560'))
(79, (12148, 1, '+12122451707'))
(79, (1105850, 1, '+12129419399'))
(79, (136096, 1, '+19173069005'))
(79, (1205081, 1, '+17185793450'))
(79, (49936, 1, '+12123551500'))
(79, (38486, 5, 'None'))
(79, (54926, 1, '+17189616100'))
(79, (645989, 1, '+16098795624'))
(79, (1061646, 1, '+16467868000'))
(79, (485949, 1, '+17189687923'))
(79, (157623, 1, '+17186930690'))
(79, (487482, 1, '+12123052033'))
(79, (692397, 1, '+12127305966'))
(79, (553071, 1, '+17182670300'))
(79, (190011, 1, '+17184276019'))
(79, (853123, 1, '+17188321006'))
(79, (1077408, 1, '+17184728534'))
(79, (640494, 1, '+12127136860'))
(79, (63586, 1, '+17188889402'))
(79, (755875, 1, '+19173854554'))
(79, (934697, 1, '+12124215333'))
(79, (681925, 1, '+12129444747'))
(79, (246505, 1, '+12127545410'))
(79, (706948, 1, '+12123722000'))
(79, (995153, 1, '+12123080700'))
(79, (458020, 1, '+12122635266'))
