(79, (1206277, 1, '+13475619690'))
(79, (717986, 1, '+19173532982'))
(79, (483516, 1, '+17188428686'))
(79, (629640, 1, '+12124060030'))
(79, (217373, 1, '+12124052674'))
(79, (1110475, 1, '+12122440719'))
(79, (31777, 1, '+12126612700'))
(79, (584371, 1, '+19143808251'))
(79, (1154547, 1, '+12125573600'))
(79, (755941, 1, '+12124801122'))
(79, (1135608, 1, '+12122262778'))
(79, (741575, 1, '+12129748433'))
(79, (579415, 1, '+16462617939'))
(79, (48233, 1, '+12122391117'))
(79, (790316, 1, '+17187525681'))
(79, (613530, 1, '+12127086657'))
(79, (589553, 1, '+17186681200'))
(79, (1226799, 1, '+12126692670'))
(79, (1168092, 1, '+17186280500'))
(79, (975922, 1, '+19174358552'))
(79, (161662, 1, '+17187556946'))
(79, (212010, 1, '+19177445574'))
(79, (825104, 1, '+17187606610'))
(79, (1204686, 1, '+17182744555'))
(79, (1154103, 1, '+19733974814'))
(79, (1153372, 1, '+12122161664'))
(79, (994669, 1, '+16466929301'))
(79, (906880, 1, '+16462078644'))
(79, (246114, 1, '+17185955050'))
(79, (739373, 1, '+17182323363'))
(79, (1155648, 1, '+12015672996'))
(79, (124331, 1, '+12127681177'))
(79, (243953, 1, '+17189676096'))
(79, (1119853, 1, '+12123189734'))
(79, (1227037, 1, '+18522569033'))
(79, (773081, 1, '+16462838212'))
(79, (655726, 1, '+12128981285'))
(79, (901824, 1, '+17187038441'))
(79, (1151408, 1, '+17185923901'))
(79, (120343, 1, '+17189849551'))
(79, (675175, 1, '+17183911182'))
(79, (401734, 1, '+17184599021'))
(79, (485927, 1, '+17189660616'))
(79, (873399, 1, '+17184380832'))
(79, (170150, 1, '+17188332700'))
(79, (275651, 1, '+12017952000'))
(79, (725769, 1, '+17188331900'))
(79, (1019491, 1, '+17184476051'))
(79, (422699, 1, '+12126336900'))
(79, (254418, 1, '+16466449548'))
(79, (399628, 1, '+16462173382'))
(79, (832819, 1, '+17186243837'))
(79, (1216634, 1, '+12124072563'))
(79, (260521, 1, '+12127255100'))
(79, (901103, 1, '+19178055510'))
(79, (188928, 1, '+13124663881'))
(79, (1218126, 1, '+12128427310'))
(79, (155064, 1, '+13472323000'))
(79, (504433, 1, '+12123076722'))
(79, (527111, 1, '+13476993385'))
(79, (402862, 1, '+16464396000'))
(79, (289362, 1, '+15168843334'))
(79, (992843, 1, '+16467341297'))
(79, (210497, 1, '+16462653817'))
(79, (943716, 1, '+19143758000'))
(79, (1116878, 1, '+17185221660'))
(79, (647899, 1, '+16465296133'))
(79, (933539, 1, '+17189639303'))
(79, (687536, 1, '+19179237030'))
(79, (457307, 1, '+17182052000'))
(79, (344618, 1, '+17188999494'))
(79, (1011221, 1, '+17186842307'))
(79, (137967, 1, '+17181234567'))
(79, (1039502, 1, '+17184471444'))
(79, (965950, 1, '+19732871407'))
(79, (1128703, 1, '+19177495315'))
(79, (593937, 1, '+17187616800'))
(79, (314246, 1, '+19173301099'))
(79, (1144992, 1, '+12129234840'))
(79, (992237, 1, '+19172543180'))
(79, (888492, 1, '+19174408305'))
(79, (304433, 1, '+17182789690'))
(79, (570381, 1, '+12123564149'))
(79, (586459, 1, '+17182278719'))
(79, (1186211, 1, '+19174061108'))
(79, (15725, 1, '+12125941414'))
(79, (1194353, 1, '+12124122766'))
(79, (977849, 1, '+12122517786'))
(79, (725260, 1, '+17183855387'))
(79, (495979, 1, '+12125050500'))
(79, (1217184, 1, '+12122886660'))
(79, (450104, 1, '+12127995732'))
(79, (678036, 1, '+19178851975'))
(79, (200486, 1, '+17187824200'))
(79, (1196480, 1, '+12124177000'))
(79, (1096170, 1, '+12123502800'))
(79, (237675, 1, '+19175571683'))
(79, (813332, 1, '+12123067909'))
(79, (255510, 1, '+17184961449'))
(79, (293291, 1, '+12129841736'))
