(0, (1479445, 1, '+17072301768'))
(0, (7401950, 1, '+17491549147'))
(0, (5245257, 1, '+14613235145'))
(0, (8920442, 1, '+17779097262'))
(0, (8042503, 1, '+18020882765'))
(0, (7785379, 1, '+17035473348'))
(0, (8993998, 1, '+18028038645'))
(0, (1576776, 1, '+17623285609'))
(0, (829727, 1, '+18025665963'))
(0, (702605, 1, '+17808237656'))
(0, (8036140, 1, '+18020791048'))
(0, (4758035, 1, '+18049207298'))
(0, (8457797, 1, '+17498120940'))
(0, (3056398, 1, '+18009416125'))
(0, (8008804, 1, '+17926593000'))
(0, (5497094, 1, '+17913757024'))
(0, (5323055, 1, '+15089501427'))
(0, (6900789, 1, '+17012327960'))
(0, (3613169, 1, '+18036784312'))
(0, (1060664, 1, '+1384369314'))
(0, (10363199, 1, '+17768629115'))
(0, (4216762, 1, '+15088723490'))
(0, (2485022, 1, '+17734292902'))
(0, (1868969, 1, '+17536633555'))
(0, (2942829, 1, '+17147585653'))
(0, (2588400, 1, '+17971566384'))
(0, (8974721, 1, '+17931936802'))
(0, (3016369, 1, '+17638753434'))
(0, (7418522, 1, '+17497531219'))
(0, (1232282, 1, '+17191931620'))
(0, (434755, 1, '+1383293156'))
(0, (2141228, 1, '+18021919760'))
(0, (1363120, 1, '+1382731188'))
(0, (2611427, 1, '+18004994600'))
(0, (8317469, 1, '+14618403159'))
(0, (7016005, 1, '+17660214240'))
(0, (10395766, 1, '+17827091696'))
(0, (2176603, 1, '+18036034402'))
(0, (3779048, 1, '+14613060485'))
(0, (6854369, 1, '+14615880420'))
(0, (8870349, 1, '+17490626158'))
(0, (7155392, 1, '+18044139990'))
(0, (7756518, 1, '+15090688205'))
(0, (5232032, 1, '+1404692010'))
(0, (4513266, 1, '+17803350094'))
(0, (6434088, 1, '+1406430596'))
(0, (8603407, 1, '+18218524976'))
(0, (2455690, 1, '+17698345294'))
(0, (4134968, 1, '+14005165187'))
(0, (4475946, 1, '+17693482064'))
(0, (8099263, 1, '+18043325832'))
(0, (2858920, 1, '+14610981490'))
(0, (2728982, 1, '+18046670364'))
(0, (6468991, 1, '+14616071196'))
(0, (4069430, 1, '+18047572209'))
(0, (1714396, 1, '+1385706909'))
(0, (8886552, 1, '+17516765521'))
(0, (7864231, 1, '+17369714652'))
(0, (5677342, 1, '+14614821674'))
(0, (3193329, 1, '+1387060697'))
(0, (1678339, 1, '+17828396259'))
(0, (9340151, 1, '+17490596658'))
(0, (7271951, 1, '+14616886854'))
(0, (4078474, 1, '+18162500704'))
(0, (6241302, 1, '+17744397472'))
(0, (4078169, 1, '+18049371153'))
(0, (2682569, 1, '+18036513122'))
(0, (9669973, 1, '+15091395570'))
(0, (10538425, 1, '+18243524940'))
(0, (4733949, 1, '+18046480927'))
(0, (9231399, 1, '+14619729670'))
(0, (290471, 1, '+18020489356'))
(0, (5184102, 1, '+1399154760'))
(0, (2519654, 1, '+18006194750'))
(0, (6167157, 1, '+17128765610'))
(0, (5873799, 1, '+17575493001'))
(0, (7775164, 1, '+17019584299'))
(0, (6401601, 1, '+1375153717'))
(0, (1528534, 1, '+17382352912'))
(0, (4286509, 1, '+17055853953'))
(0, (3647423, 1, '+18040163500'))
(0, (1854589, 1, '+17461933127'))
(0, (3695519, 1, '+1400511392'))
(0, (9777548, 1, '+17497898255'))
(0, (4009890, 1, '+18022327633'))
(0, (1281395, 1, '+17491701723'))
(0, (9127898, 1, '+18252510589'))
(0, (10309429, 1, '+17405987576'))
(0, (1470637, 1, '+17061475912'))
(0, (4360176, 1, '+17369851310'))
(0, (4417182, 1, '+17495056095'))
(0, (9857001, 1, '+17940764718'))
(0, (5024063, 1, '+17556389534'))
(0, (8678776, 1, '+1407971815'))
(0, (1393406, 1, '+1386343171'))
(0, (606998, 1, '+17309979795'))
(0, (1873932, 1, '+17575876704'))
(0, (2389092, 1, '+17167992756'))
(0, (5239580, 1, '+14005238920'))
(0, (1440117, 1, '+15087892176'))
