(16, (20574770, 2, 'BRONX'))
(25, (16413397, 2, 'MANHATTAN'))
(25, (16446981, 2, 'MANHATTAN'))
(16, (14792278, 3, 'CAMBRIA HEIGHTS'))
(16, (19302345, 2, 'BRONX'))
(25, (22488906, 2, 'BROOKLYN'))
(16, (9709530, 2, 'BROOKLYN'))
(16, (4625755, 3, 'RIDGEWOOD'))
(30, (3569918, 2, 'MANHATTAN'))
(30, (1578736, 2, 'MANHATTAN'))
(16, (14329012, 4, None))
(16, (2638573, 3, 'STATEN ISLAND'))
(25, (6853072, 2, 'BROOKLYN'))
(16, (13137222, 2, 'BROOKLYN'))
(25, (505075, 2, 'MANHATTAN'))
(16, (16229728, 3, 'OAKLAND GARDENS'))
(25, (23866801, 2, 'BRONX'))
(30, (732370, 2, 'QUEENS'))
(30, (23429813, 2, 'BRONX'))
(25, (17950148, 2, 'MANHATTAN'))
(16, (6113780, 4, None))
(25, (4624191, 2, 'QUEENS'))
(30, (3534157, 2, 'BROOKLYN'))
(30, (20568838, 2, 'MANHATTAN'))
(16, (3260427, 3, 'NEW YORK'))
(25, (12313949, 2, 'BRONX'))
(25, (229715, 2, 'QUEENS'))
(16, (89310, 2, 'BROOKLYN'))
(16, (22287353, 4, None))
(30, (12913748, 3, 'STATEN ISLAND'))
(25, (12716454, 3, 'STATEN ISLAND'))
(16, (11513043, 3, 'NEW YORK'))
(16, (23748531, 2, 'BROOKLYN'))
(25, (11441668, 2, 'BROOKLYN'))
(16, (15945062, 3, 'RIDGEWOOD'))
(25, (2048096, 2, 'QUEENS'))
(25, (19499176, 2, 'BROOKLYN'))
(16, (1004614, 3, 'Far Rockaway'))
(25, (22602640, 2, 'QUEENS'))
(25, (21845755, 2, 'BROOKLYN'))
(30, (20326698, 2, 'QUEENS'))
(25, (20486048, 2, 'BRONX'))
(16, (20891438, 4, None))
(16, (14976379, 2, 'BROOKLYN'))
(16, (7530208, 2, 'BROOKLYN'))
(25, (2367907, 2, 'MANHATTAN'))
(25, (22753983, 3, 'Unspecified'))
(16, (7091935, 3, 'STATEN ISLAND'))
(30, (2130830, 3, 'STATEN ISLAND'))
(25, (1754360, 2, 'QUEENS'))
(16, (24383500, 2, 'BROOKLYN'))
(25, (18684691, 2, 'BRONX'))
(25, (21942364, 2, 'BRONX'))
(16, (19901234, 3, 'CORONA'))
(25, (19113311, 2, 'MANHATTAN'))
(30, (18169570, 2, 'QUEENS'))
(16, (13895798, 3, 'Woodhaven'))
(16, (2768870, 2, 'BRONX'))
(25, (17899898, 2, 'MANHATTAN'))
(30, (12481460, 2, 'QUEENS'))
(25, (22993732, 2, 'MANHATTAN'))
(16, (881340, 3, 'NEW YORK'))
(30, (20060828, 2, 'QUEENS'))
(16, (20605127, 3, 'South Richmond Hill'))
(30, (22468382, 2, 'BROOKLYN'))
(16, (5172834, 2, 'BROOKLYN'))
(30, (8694120, 2, 'BROOKLYN'))
(30, (7033797, 2, 'MANHATTAN'))
(30, (12615066, 2, 'BRONX'))
(16, (21882424, 3, 'BAYSIDE'))
(30, (19118741, 2, 'QUEENS'))
(30, (17133725, 2, 'BROOKLYN'))
(16, (21877985, 3, 'Oakland Gardens'))
(16, (20955460, 4, None))
(25, (5165493, 2, 'BRONX'))
(25, (10762550, 2, 'BRONX'))
(25, (19968774, 2, 'MANHATTAN'))
(30, (1705755, 2, 'MANHATTAN'))
(16, (7931866, 2, 'BRONX'))
(16, (6507530, 2, 'BRONX'))
(16, (18719983, 3, 'NEW YORK'))
(16, (8172963, 2, 'BRONX'))
(25, (6100818, 2, 'QUEENS'))
(30, (14622138, 2, 'MANHATTAN'))
(25, (22459022, 3, 'Unspecified'))
(25, (16570698, 2, 'MANHATTAN'))
(25, (14544010, 2, 'QUEENS'))
(16, (22837396, 4, None))
(16, (295062, 2, 'BROOKLYN'))
(25, (14218473, 2, 'MANHATTAN'))
(16, (5668212, 4, None))
(25, (16349120, 2, 'MANHATTAN'))
(16, (12312704, 3, 'NEW YORK'))
(25, (2113519, 2, 'BRONX'))
(25, (17384003, 2, 'MANHATTAN'))
(30, (5353863, 2, 'BROOKLYN'))
(16, (19677021, 3, 'Jamaica'))
(16, (11746553, 2, 'BRONX'))
(16, (13593680, 3, 'Howard Beach'))
(25, (14096346, 2, 'BROOKLYN'))
(16, (3079240, 3, 'Springfield Gardens'))
(30, (17853502, 2, 'MANHATTAN'))
(25, (2818266, 2, 'BROOKLYN'))
(25, (16718768, 2, 'MANHATTAN'))
(25, (2470239, 2, 'QUEENS'))
(25, (7460191, 2, 'BRONX'))
(16, (20177992, 2, 'BROOKLYN'))
(30, (15378918, 3, 'Unspecified'))
(16, (13355101, 2, 'BRONX'))
(16, (11749227, 2, 'BROOKLYN'))
(30, (18470256, 2, 'BRONX'))
(30, (8578754, 2, 'QUEENS'))
(30, (23332522, 2, 'BRONX'))
(30, (18763795, 2, 'BROOKLYN'))
(16, (10154515, 2, 'BROOKLYN'))
(30, (17119742, 2, 'MANHATTAN'))
(30, (14697609, 2, 'BRONX'))
(25, (21287718, 2, 'QUEENS'))
(30, (21610879, 2, 'MANHATTAN'))
(16, (13724443, 3, 'NEW YORK'))
(16, (405127, 2, 'BRONX'))
(30, (12355909, 2, 'QUEENS'))
(30, (3591794, 2, 'BROOKLYN'))
(25, (11204001, 2, 'MANHATTAN'))
(25, (10825061, 2, 'QUEENS'))
(16, (18420245, 2, 'BROOKLYN'))
(25, (16905222, 2, 'QUEENS'))
(30, (22931766, 2, 'MANHATTAN'))
(25, (7330165, 2, 'QUEENS'))
(16, (6106878, 3, 'Flushing'))
(25, (9498020, 3, 'STATEN ISLAND'))
(25, (12752484, 2, 'BRONX'))
(30, (16025345, 3, 'Unspecified'))
(25, (20365502, 2, 'BRONX'))
(25, (16223948, 2, 'BROOKLYN'))
(16, (17749494, 2, 'BROOKLYN'))
(25, (23137521, 2, 'BROOKLYN'))
(30, (14231307, 2, 'BRONX'))
(25, (20350090, 2, 'MANHATTAN'))
(25, (10063871, 2, 'BRONX'))
(25, (11977364, 2, 'BRONX'))
(25, (1423856, 2, 'MANHATTAN'))
(30, (19584118, 2, 'MANHATTAN'))
(25, (21597103, 2, 'BROOKLYN'))
(25, (7259740, 3, 'STATEN ISLAND'))
(25, (185168, 3, 'Unspecified'))
(25, (9763807, 2, 'QUEENS'))
(16, (1944979, 2, 'BROOKLYN'))
(25, (7620058, 2, 'QUEENS'))
(30, (6804990, 3, 'Unspecified'))
(16, (10405152, 3, 'WOODSIDE'))
(16, (19876038, 3, 'WOODSIDE'))
(30, (8036135, 2, 'MANHATTAN'))
(16, (15296536, 3, 'STATEN ISLAND'))
(16, (6793437, 2, 'BROOKLYN'))
(30, (15712138, 3, 'Unspecified'))
(30, (7222222, 2, 'QUEENS'))
(25, (2278456, 2, 'BRONX'))
(25, (21923009, 2, 'BROOKLYN'))
(16, (18746447, 3, 'Queens Village'))
(30, (13653742, 2, 'BRONX'))
(30, (3456847, 2, 'QUEENS'))
(30, (19231463, 2, 'QUEENS'))
(16, (21620302, 3, 'NEW YORK'))
(30, (1621334, 2, 'BROOKLYN'))
(16, (9371289, 3, 'NEW YORK'))
(25, (7105101, 2, 'QUEENS'))
(16, (22148133, 4, None))
(16, (21575990, 2, 'BROOKLYN'))
(25, (22723003, 2, 'BROOKLYN'))
(25, (23129373, 2, 'BRONX'))
(16, (9663827, 2, 'BRONX'))
(30, (867368, 2, 'MANHATTAN'))
(25, (11248257, 2, 'BROOKLYN'))
(25, (24279503, 2, 'QUEENS'))
(30, (19259153, 2, 'BRONX'))
(16, (3778241, 2, 'BRONX'))
(25, (8189692, 2, 'BROOKLYN'))
(25, (14060747, 2, 'BROOKLYN'))
(30, (2766466, 2, 'BROOKLYN'))
(30, (11827529, 2, 'MANHATTAN'))
(25, (10133127, 2, 'BRONX'))
(25, (7693949, 2, 'BROOKLYN'))
(16, (16310109, 2, 'BROOKLYN'))
(30, (24066222, 2, 'BROOKLYN'))
(16, (3565729, 3, 'Astoria'))
(30, (3940805, 2, 'BROOKLYN'))
(16, (23098292, 4, None))
(30, (21597138, 2, 'QUEENS'))
(30, (16500090, 2, 'BROOKLYN'))
(16, (23383077, 3, 'QUEENS VILLAGE'))
(30, (23967800, 2, 'QUEENS'))
(25, (15245370, 3, 'Unspecified'))
(25, (15260355, 2, 'BRONX'))
(25, (1607490, 3, 'Unspecified'))
(16, (11972678, 2, 'BROOKLYN'))
(16, (15289749, 3, 'NEW YORK'))
(16, (9646956, 2, 'BRONX'))
(16, (10082101, 2, 'BROOKLYN'))
(30, (21263408, 2, 'QUEENS'))
